2	71209	1	C81
2	71209	1	C81
2	71209	1	C81
2	71209	1	C81
2	71209	1	C81
2	71209	1	C81
2	71209	1	C81
2	71209	1	C81
2	71209	1	C81
2	71209	1	C81
2	71209	1	C81
2	71209	1	C81
2	71209	1	C81
2	71209	1	C81
2	71209	1	C81
2	71209	1	C81
2	71209	1	C81
2	71209	1	C81
2	71209	1	C81
2	71209	1	C81
2	71209	1	C81
2	71209	1	C81
2	71209	1	C81
2	71209	1	C81
2	71209	1	C81
2	71209	1	C81
2	71209	1	C81
2	71209	1	C81
2	71209	1	C81
2	71209	1	C81
2	71209	1	C81
2	71209	1	C81
2	71209	1	C81
2	71209	1	C81
2	71209	1	C81
2	71209	1	C81
2	71209	1	C81
2	71209	1	C81
2	71209	1	C81
2	71209	1	C81
2	71209	1	C81
2	71209	1	C81
2	71209	1	C81
2	71209	1	C81
2	71209	1	C81
2	71209	1	C81
2	71209	1	C81
2	71209	1	C81
2	71209	1	C81
2	71209	1	C81
2	71209	1	C81
2	71209	1	C81
2	71209	1	C81
2	71209	1	C81
2	71209	1	C81
2	71209	1	C81
2	71209	1	C81
2	71209	1	C81
2	71209	1	C81
2	71209	1	C81
2	71209	1	C81
2	71209	1	C81
2	71209	1	C81
2	71209	1	C81
2	71209	1	C81
2	71209	1	C81
2	71209	1	C81
2	71209	1	C81
2	71209	1	C81
2	71209	1	C81
2	71209	1	C81
2	71209	1	C81
2	71209	1	C81
2	71209	1	C81
2	71209	1	C81
2	71209	1	C81
2	71209	1	C81
2	71209	1	C81
2	71209	1	C81
2	71209	1	C81
2	71209	1	C81
2	71209	1	C81
2	71209	1	C81
2	71209	1	C81
2	71209	1	C81
2	71209	1	C81
2	71209	1	C81
2	71209	1	C81
2	71209	1	C81
2	71209	1	C81
2	71209	1	C81
2	75770	1	C81
2	75770	1	C81
2	71343	1	C81
2	71343	1	C81
2	71343	1	C81
2	71343	1	C81
2	71343	1	C81
2	71343	1	C81
2	71343	1	C81
2	71343	1	C81
2	71343	1	C81
2	71343	1	C81
2	71343	1	C81
2	71343	1	C81
2	71343	1	C81
2	71343	1	C81
2	71343	3	C81
2	71343	3	C81
2	71343	3	C81
2	71343	3	C81
2	71343	3	C81
2	71343	3	C81
2	71343	3	C81
2	71343	3	C81
2	71343	3	C81
2	71343	3	C81
2	71343	3	C81
2	71343	3	C81
2	71343	3	C81
2	71343	3	C81
2	71343	3	C81
2	71343	3	C81
2	71343	3	C81
2	71343	3	C81
2	71343	3	C81
2	71343	3	C81
2	71343	3	C81
2	71343	3	C81
2	71343	3	C81
2	71343	3	C81
2	71343	3	C81
2	71343	3	C81
2	71343	3	C81
2	71343	3	C81
2	71343	3	C81
2	71343	3	C81
2	71343	3	C81
2	71343	3	C81
2	71343	3	C81
2	71214	4	C81
2	71214	4	C81
2	71214	4	C81
2	71214	4	C81
2	71214	4	C81
2	71214	4	C81
2	71214	4	C81
2	71209	4	C81
2	71209	4	C81
2	71209	4	C81
2	71209	4	C81
2	71209	4	C81
2	71343	5	C81
2	71343	5	C81
2	71343	5	C81
2	71343	5	C81
2	71343	5	C81
2	71343	5	C81
2	71343	5	C81
2	71343	5	C81
2	71343	5	C81
2	71343	5	C81
2	71343	5	C81
2	71343	5	C81
2	71343	5	C81
2	71343	5	C81
2	71343	5	C81
2	71343	5	C81
2	71343	5	C81
2	71343	5	C81
2	71343	6	C81
2	71343	6	C81
2	71343	6	C81
2	71343	6	C81
2	71343	6	C81
2	73813	1	C91
2	73813	1	C91
2	73813	1	C91
2	73813	1	C91
2	73813	1	C91
2	73813	1	C91
2	73813	1	C91
2	73813	1	C91
2	73813	1	C91
2	73813	1	C91
2	73813	1	C91
2	73813	1	C91
2	73813	1	C91
2	73813	1	C91
2	73813	1	C91
2	73813	1	C91
2	73813	1	C91
2	73813	1	C91
2	73813	1	C91
2	73813	1	C91
2	73813	1	C91
2	73813	1	C91
2	73813	1	C91
2	73813	1	C91
2	73813	1	C91
2	73813	1	C91
2	73813	1	C91
2	73813	1	C91
2	73813	1	C91
2	73813	1	C91
2	73813	1	C91
2	73813	1	C91
2	73813	1	C91
2	73813	1	C91
2	73813	1	C91
2	73813	1	C91
2	73813	1	C91
2	73813	1	C91
2	73813	1	C91
2	73813	1	C91
2	73813	2	C91
2	73813	2	C91
2	73813	2	C91
2	73813	2	C91
2	73813	2	C91
2	73813	2	C91
2	73813	2	C91
2	73813	2	C91
2	73813	2	C91
2	73813	2	C91
2	73813	2	C91
2	73813	2	C91
2	73813	2	C91
2	73813	2	C91
2	73813	2	C91
2	73813	2	C91
2	73813	2	C91
2	73813	2	C91
2	73813	2	C91
2	73813	2	C91
2	73813	2	C91
2	73813	2	C91
2	73813	2	C91
2	73813	2	C91
2	73813	2	C91
2	73813	2	C91
2	73813	3	C91
2	73813	3	C91
2	73813	3	C91
2	73813	3	C91
2	73813	3	C91
2	73813	6	C91
2	73813	6	C91
2	73813	6	C91
2	73813	6	C91
2	73813	6	C91
2	73813	6	C91
2	73813	6	C91
2	73813	6	C91
2	73813	6	C91
2	73813	6	C91
2	73813	6	C91
2	73813	6	C91
2	73813	6	C91
2	73813	6	C91
2	73813	6	C91
2	73813	6	C91
2	73813	6	C91
2	73813	6	C91
2	71343	2	D71
2	71343	2	D71
2	71343	2	D71
2	71343	2	D71
2	71343	2	D71
2	71343	2	D71
2	71343	2	D71
2	71343	2	D71
2	71343	2	D71
2	71343	2	D71
2	71343	2	D71
2	71343	2	D71
2	71343	2	D71
2	71343	2	D71
2	71343	2	D71
2	71343	2	D71
2	71343	2	D71
2	71343	3	D71
2	71343	3	D71
2	71343	3	D71
2	71343	3	D71
2	71343	3	D71
2	71343	3	D71
2	71350	4	D71
2	71350	4	D71
2	71350	4	D71
2	71350	4	D71
2	71350	4	D71
2	71350	4	D71
2	71350	4	D71
2	71350	4	D71
2	71350	4	D71
2	71350	4	D71
2	71343	5	D71
2	71343	5	D71
2	71343	5	D71
2	71343	5	D71
2	71343	5	D71
2	71343	5	D71
2	71343	5	D71
2	71343	5	D71
2	71343	5	D71
2	71343	5	D71
2	71343	5	D71
2	71343	5	D71
2	71343	5	D71
2	71343	5	D71
2	71343	5	D71
2	71343	5	D71
2	71343	5	D71
2	71343	5	D71
2	71343	5	D71
2	71343	5	D71
2	71343	5	D71
2	71343	5	D71
2	71343	5	D71
2	71343	5	D71
2	71343	5	D71
2	75770	1	D81
2	75770	1	D81
2	75770	1	D81
2	75770	1	D81
2	75770	1	D81
2	75770	1	D81
2	75770	1	D81
2	75770	1	D81
2	75770	1	D81
2	75770	1	D81
2	75770	1	D81
2	75770	1	D81
2	75770	1	D81
2	75770	1	D81
2	75770	1	D81
2	75770	1	D81
2	75770	1	D81
2	75770	1	D81
2	75770	1	D81
2	75770	1	D81
2	71341	1	D81
2	71341	1	D81
2	71341	1	D81
2	71341	1	D81
2	75770	2	D81
2	75770	2	D81
2	75770	2	D81
2	75770	2	D81
2	75770	2	D81
2	71343	2	D81
2	71343	2	D81
2	71343	2	D81
2	71343	2	D81
2	71343	2	D81
2	71343	2	D81
2	71343	2	D81
2	71343	2	D81
2	71343	2	D81
2	71343	2	D81
2	71343	2	D81
2	71343	2	D81
2	71343	2	D81
2	71343	2	D81
2	71343	2	D81
2	71343	2	D81
2	71343	2	D81
2	71343	2	D81
2	71343	2	D81
2	71343	2	D81
2	71343	2	D81
2	71343	2	D81
2	71343	2	D81
2	71343	2	D81
2	71343	2	D81
2	71343	2	D81
2	71343	2	D81
2	71343	2	D81
2	71343	2	D81
2	71343	2	D81
2	71343	2	D81
2	71343	2	D81
2	71343	2	D81
2	71343	2	D81
2	71343	2	D81
2	71343	2	D81
2	71343	2	D81
2	71343	2	D81
2	71343	2	D81
2	71343	2	D81
2	71343	2	D81
2	71343	2	D81
2	71343	2	D81
2	71343	2	D81
2	71343	2	D81
2	71343	2	D81
2	71343	2	D81
2	71343	2	D81
2	71343	2	D81
2	71343	2	D81
2	71343	2	D81
2	71343	2	D81
2	71343	2	D81
2	71343	2	D81
2	71343	2	D81
2	71343	2	D81
2	71343	2	D81
2	71343	2	D81
2	71343	2	D81
2	71343	2	D81
2	71343	2	D81
2	71343	2	D81
2	71343	2	D81
2	71343	2	D81
2	71343	2	D81
2	71343	2	D81
2	71343	2	D81
2	71343	2	D81
2	71343	2	D81
2	71343	2	D81
2	71343	2	D81
2	71343	2	D81
2	71343	2	D81
2	71343	2	D81
2	71343	2	D81
2	71343	2	D81
2	71343	2	D81
2	71343	2	D81
2	75770	2	D81
2	75770	2	D81
2	75770	2	D81
2	75770	2	D81
2	71343	3	D81
2	71343	3	D81
2	71343	3	D81
2	71343	3	D81
2	71343	3	D81
2	71343	3	D81
2	71343	3	D81
2	71343	3	D81
2	71343	3	D81
2	71343	3	D81
2	71343	3	D81
2	71343	3	D81
2	71343	3	D81
2	71343	3	D81
2	71343	3	D81
2	71343	3	D81
2	71343	3	D81
2	71343	3	D81
2	71343	3	D81
2	71343	3	D81
2	71343	3	D81
2	71343	3	D81
2	71343	3	D81
2	71343	3	D81
2	71343	3	D81
2	71343	3	D81
2	71343	3	D81
2	71343	3	D81
2	71343	3	D81
2	71343	3	D81
2	71343	3	D81
2	71343	3	D81
2	71343	3	D81
2	71343	3	D81
2	71343	3	D81
2	71343	3	D81
2	71343	3	D81
2	71343	3	D81
2	75770	4	D81
2	75770	4	D81
2	75770	4	D81
2	75770	4	D81
2	75770	4	D81
2	73165	4	D81
2	73165	4	D81
2	73165	4	D81
2	73165	4	D81
2	75770	5	D81
2	75770	5	D81
2	75770	5	D81
2	75770	5	D81
2	75770	5	D81
2	75770	5	D81
2	75770	5	D81
2	75770	5	D81
2	75770	5	D81
2	75770	5	D81
2	75770	5	D81
2	75812	6	D81
2	75812	6	D81
2	75812	6	D81
2	75812	6	D81
2	75812	6	D81
2	70961	2	D91
2	70961	2	D91
2	70961	2	D91
2	70961	2	D91
2	70961	2	D91
2	70961	2	D91
2	70961	2	D91
2	70961	2	D91
2	70961	2	D91
2	70961	2	D91
2	70961	2	D91
2	70961	2	D91
2	70961	2	D91
2	70961	2	D91
2	70961	2	D91
2	73813	1	E71
2	73813	1	E71
2	73813	1	E71
2	73813	1	E71
2	73813	1	E71
2	73813	1	E71
2	73813	1	E71
2	73813	1	E71
2	73813	1	E71
2	73813	1	E71
2	73813	1	E71
2	73813	1	E71
2	73813	1	E71
2	73813	1	E71
2	73813	1	E71
2	73813	1	E71
2	73813	1	E71
2	73813	1	E71
2	73165	2	E71
2	73165	2	E71
2	73165	2	E71
2	73165	2	E71
2	73165	2	E71
2	73813	2	E71
2	73813	2	E71
2	73813	2	E71
2	73813	2	E71
2	73813	2	E71
2	73813	2	E71
2	73813	3	E71
2	73813	3	E71
2	73813	3	E71
2	73813	3	E71
2	73813	3	E71
2	71343	4	E71
2	71343	4	E71
2	71343	4	E71
2	71343	4	E71
2	71343	4	E71
2	71343	4	E71
2	71343	4	E71
2	71343	4	E71
2	71343	4	E71
2	71343	4	E71
2	75770	4	E71
2	75770	4	E71
2	75770	4	E71
2	75770	4	E71
2	75770	4	E71
2	75770	4	E71
2	75770	4	E71
2	73813	4	E71
2	73813	4	E71
2	73813	4	E71
2	73813	4	E71
2	73813	4	E71
2	73813	4	E71
2	73813	4	E71
2	73813	4	E71
2	73813	4	E71
2	73813	4	E71
2	73813	4	E71
2	73813	4	E71
2	73813	4	E71
2	73813	4	E71
2	73813	4	E71
2	73813	4	E71
2	73813	4	E71
2	73813	4	E71
2	73813	4	E71
2	73813	4	E71
2	73813	4	E71
2	73813	4	E71
2	73813	4	E71
2	73813	4	E71
2	73813	4	E71
2	73813	4	E71
2	73813	4	E71
2	73813	4	E71
2	73813	4	E71
2	73813	4	E71
2	73813	4	E71
2	73813	4	E71
2	73165	4	E71
2	73165	4	E71
2	73165	4	E71
2	73165	4	E71
2	73165	4	E71
2	73165	4	E71
2	73165	4	E71
2	73165	4	E71
2	73165	4	E71
2	73165	4	E71
2	73165	4	E71
2	73165	4	E71
2	75770	5	E71
2	75770	5	E71
2	75770	5	E71
2	75770	5	E71
2	75770	5	E71
2	71343	5	E71
2	71343	5	E71
2	71343	5	E71
2	71343	5	E71
2	71343	5	E71
2	71343	5	E71
2	71343	5	E71
2	71343	5	E71
2	71343	5	E71
2	71343	5	E71
2	71343	5	E71
2	71343	5	E71
2	71343	5	E71
2	71343	5	E71
2	71343	5	E71
2	71343	5	E71
2	71343	5	E71
2	71343	5	E71
2	71343	5	E71
2	71343	5	E71
2	71343	5	E71
2	71343	5	E71
2	71343	5	E71
2	71343	5	E71
2	71343	5	E71
2	71343	5	E71
2	71343	5	E71
2	73813	5	E71
2	73813	5	E71
2	73813	5	E71
2	73813	5	E71
2	73813	5	E71
2	73813	5	E71
2	73813	5	E71
2	73813	5	E71
2	73813	5	E71
2	73813	5	E71
2	73813	5	E71
2	73813	5	E71
2	73813	5	E71
2	73813	5	E71
2	73813	5	E71
2	73813	5	E71
2	73813	5	E71
2	73813	5	E71
2	73813	5	E71
2	73813	5	E71
2	73813	5	E71
2	73813	5	E71
2	73813	5	E71
2	73813	5	E71
2	73813	5	E71
2	71343	6	E71
2	71343	6	E71
2	71343	6	E71
2	71343	6	E71
2	71343	6	E71
2	71343	6	E71
2	71343	6	E71
2	71343	6	E71
2	71343	6	E71
2	71343	6	E71
2	71343	6	E71
2	73165	6	E71
2	73165	6	E71
2	73165	6	E71
2	73165	6	E71
2	73165	6	E71
2	73165	6	E71
2	73813	6	E71
2	73813	6	E71
2	73813	6	E71
2	73813	6	E71
2	73813	6	E71
2	73813	6	E71
2	73813	6	E71
2	73813	6	E71
2	73813	6	E71
2	73813	6	E71
2	75812	1	E81
2	75812	1	E81
2	75812	1	E81
2	75812	1	E81
2	75812	1	E81
2	75812	1	E81
2	75812	1	E81
2	75812	1	E81
2	75812	1	E81
2	75812	1	E81
2	75812	1	E81
2	75812	1	E81
2	75812	1	E81
2	75812	1	E81
2	75812	1	E81
2	75812	1	E81
2	75812	1	E81
2	75770	1	E81
2	75770	1	E81
2	75770	1	E81
2	75770	1	E81
2	75770	1	E81
2	75770	1	E81
2	75770	1	E81
2	75770	1	E81
2	75770	1	E81
2	75770	1	E81
2	75770	1	E81
2	75770	1	E81
2	75770	1	E81
2	75770	1	E81
2	75770	1	E81
2	75770	1	E81
2	75770	1	E81
2	75770	1	E81
2	75770	1	E81
2	75770	1	E81
2	75770	1	E81
2	75770	1	E81
2	75770	1	E81
2	75770	1	E81
2	75770	1	E81
2	75770	1	E81
2	71350	1	E81
2	71350	1	E81
2	71350	1	E81
2	71350	1	E81
2	71350	1	E81
2	71350	1	E81
2	71350	1	E81
2	71350	1	E81
2	71350	1	E81
2	71350	1	E81
2	71350	1	E81
2	71350	1	E81
2	71350	1	E81
2	75770	1	E81
2	75770	1	E81
2	75770	1	E81
2	75770	1	E81
2	75812	1	E81
2	75812	1	E81
2	75812	1	E81
2	75812	1	E81
2	75812	1	E81
2	75812	1	E81
2	75812	1	E81
2	75812	1	E81
2	75812	1	E81
2	75812	1	E81
2	75812	1	E81
2	75812	1	E81
2	75812	1	E81
2	75812	1	E81
2	75812	1	E81
2	75812	1	E81
2	75812	1	E81
2	75812	1	E81
2	75812	1	E81
2	75812	1	E81
2	75812	1	E81
2	75812	1	E81
2	75812	1	E81
2	75812	1	E81
2	75812	1	E81
2	75812	1	E81
2	75812	1	E81
2	75812	1	E81
2	75812	1	E81
2	75812	1	E81
2	75812	1	E81
2	75812	1	E81
2	75812	1	E81
2	75812	1	E81
2	73165	3	E81
2	73165	3	E81
2	73165	3	E81
2	73165	3	E81
2	73165	3	E81
2	75770	4	E81
2	75770	4	E81
2	75770	4	E81
2	75770	4	E81
2	75770	4	E81
2	75770	4	E81
2	75770	4	E81
2	75770	4	E81
2	75770	4	E81
2	75770	4	E81
2	75770	4	E81
2	75770	4	E81
2	75770	4	E81
2	75770	4	E81
2	75770	4	E81
2	75770	5	E81
2	75770	5	E81
2	75770	5	E81
2	75770	5	E81
2	75770	5	E81
2	71343	5	E81
2	71343	5	E81
2	71343	5	E81
2	71343	5	E81
2	71343	5	E81
2	75770	6	E81
2	75770	6	E81
2	73813	6	E81
2	73813	6	E81
2	75770	6	E81
2	75770	6	E81
2	73813	6	E81
2	73813	6	E81
2	73813	6	E81
2	73813	6	E81
2	75770	6	E81
2	75770	6	E81
2	75770	6	E81
2	75770	6	E81
2	75770	6	E81
2	75770	6	E81
2	75770	6	E81
2	75770	6	E81
2	75770	6	E81
2	75770	6	E81
2	75770	6	E81
2	75770	6	E81
2	75770	6	E81
2	75770	6	E81
2	75770	6	E81
2	75770	6	E81
2	75770	6	E81
2	75770	6	E81
2	75770	6	E81
2	75770	6	E81
2	75770	6	E81
2	75770	6	E81
2	75770	6	E81
2	75770	6	E81
2	75770	6	E81
2	75770	6	E81
2	75770	6	E81
2	75770	6	E81
2	75770	6	E81
2	75770	6	E81
2	75770	6	E81
2	75770	6	E81
2	75770	6	E81
2	75770	6	E81
2	75770	6	E81
2	75770	6	E81
2	75770	6	E81
2	75770	6	E81
2	75770	6	E81
2	75770	6	E81
2	75770	6	E81
2	71343	1	E91
2	71343	1	E91
2	71343	1	E91
2	71343	1	E91
2	71343	1	E91
2	71343	3	E91
2	71343	3	E91
2	71343	3	E91
2	75775	6	E91
2	75775	6	E91
2	75775	6	E91
2	75775	6	E91
2	75775	6	E91
